	method	tf	M	fid	args
0	DT	25.072408441975732	50	0.9998298122001763	(4, 2, 1223749, 0, 1.0)
1	DT	19.86570280553979	37	0.9999970620690759	(5, 3, 1223749, 4, 1.0)
2	DT	36.72400022377217	82	0.9998298122001763	(6, 3, 1223749, 6, 1.0)
3	DT	20.272053826375494	50	0.99999999	(7, 4, 1223749, 8, 1.0)
4	DT	25.072408441975732	50	0.9999999774795342	(4, 2, 1223749, 0, 1.0)
5	DT	30.256353376570324	75	0.9999664437295102	(7, 4, 1223749, 11, 1.0)
6	DT	18.580306022564123	37	0.9999970620690759	(5, 3, 1223749, 0, 1.0)
7	DT	20.08351234691571	30	0.9991368561885445	(4, 2, 1223749, 1, 1.0)
8	DT	46.62934994568243	116	0.999993383642715	(7, 4, 1223749, 4, 1.0)
9	DT	27.669801480694208	51	0.9999850996552149	(5, 3, 1223749, 5, 1.0)
10	DT	15.063243419319775	41	0.95	(7, 4, 1223749, 0, 1.0)
11	DT	74.45778192576036	204	0.9999986954395383	(8, 4, 1223749, 15, 1.0)
12	DT	20.71490841274122	41	0.99999999	(5, 3, 1223749, 2, 1.0)
13	DT	20.08351234691571	30	0.95	(4, 2, 1223749, 1, 1.0)
14	DT	31.87383328062299	95	0.9956223816276754	(8, 4, 1223749, 0, 1.0)
15	DT	44.824482184586365	67	0.9999999774795342	(4, 2, 1223749, 2, 1.0)
16	DT	21.672125071453813	51	0.9999970620690759	(6, 3, 1223749, 0, 1.0)
17	DT	70.09187833087464	192	0.9777979725285864	(8, 4, 1223749, 5, 1.0)
18	DT	31.87383328062299	95	0.9999997427771922	(8, 4, 1223749, 0, 1.0)
19	DT	30.256353376570324	75	0.9777979725285864	(7, 4, 1223749, 11, 1.0)
20	DT	39.317827762509644	108	0.9999997427771922	(8, 4, 1223749, 10, 1.0)
21	DT	31.87383328062299	95	0.9777979725285864	(8, 4, 1223749, 0, 1.0)
22	DT	21.672125071453813	51	0.9901413995231718	(6, 3, 1223749, 0, 1.0)
23	DT	74.45778192576036	204	0.9999997427771922	(8, 4, 1223749, 15, 1.0)
24	DT	21.672125071453813	51	0.9999664437295102	(6, 3, 1223749, 0, 1.0)
25	DT	39.317827762509644	108	0.999993383642715	(8, 4, 1223749, 10, 1.0)
26	DT	20.08351234691571	30	0.9999986954395383	(4, 2, 1223749, 1, 1.0)
27	DT	15.063243419319775	41	0.9999999774795342	(7, 4, 1223749, 0, 1.0)
28	DT	31.87383328062299	95	0.9999999492828621	(8, 4, 1223749, 0, 1.0)
29	DT	20.08351234691571	30	1.0	(4, 2, 1223749, 1, 1.0)
30	DT	36.72400022377217	82	0.9999999774795342	(6, 3, 1223749, 6, 1.0)
31	DT	15.063243419319775	41	0.9999970620690759	(7, 4, 1223749, 0, 1.0)
32	DT	30.256353376570324	75	0.999993383642715	(7, 4, 1223749, 11, 1.0)
33	DT	18.580306022564123	37	0.9999997427771922	(5, 3, 1223749, 0, 1.0)
34	DT	31.87383328062299	95	0.99999999	(8, 4, 1223749, 0, 1.0)
35	DT	74.45778192576036	204	0.9999994207222558	(8, 4, 1223749, 15, 1.0)
36	DT	20.71490841274122	41	0.9999999774795342	(5, 3, 1223749, 2, 1.0)
37	DT	39.317827762509644	108	0.9996167291477257	(8, 4, 1223749, 10, 1.0)
38	DT	44.824482184586365	67	0.9999970620690759	(4, 2, 1223749, 2, 1.0)
39	DT	20.08351234691571	30	0.9999244297158603	(4, 2, 1223749, 1, 1.0)
40	DT	27.669801480694208	51	0.9998298122001763	(5, 3, 1223749, 5, 1.0)
41	DT	40.061516146707994	90	0.9956223816276754	(6, 3, 1223749, 8, 1.0)
42	DT	25.072408441975732	50	0.9999994207222558	(4, 2, 1223749, 0, 1.0)
43	DT	70.09187833087464	192	0.95	(8, 4, 1223749, 5, 1.0)
44	DT	31.87383328062299	95	0.9999850996552149	(8, 4, 1223749, 0, 1.0)
45	DT	44.824482184586365	67	0.9777979725285864	(4, 2, 1223749, 2, 1.0)
46	DT	31.87383328062299	95	0.9999970620690759	(8, 4, 1223749, 0, 1.0)
47	DT	18.580306022564123	37	0.9999244297158603	(5, 3, 1223749, 0, 1.0)
48	DT	39.317827762509644	108	0.9777979725285864	(8, 4, 1223749, 10, 1.0)
49	DT	30.905755670485895	46	0.9999970620690759	(4, 2, 1223749, 3, 1.0)
50	DT	30.256353376570324	75	0.9999986954395383	(7, 4, 1223749, 11, 1.0)
51	DT	36.72400022377217	82	0.9999994207222558	(6, 3, 1223749, 6, 1.0)
52	DT	30.905755670485895	46	0.9901413995231718	(4, 2, 1223749, 3, 1.0)
53	DT	74.45778192576036	204	0.9991368561885445	(8, 4, 1223749, 15, 1.0)
54	DT	39.317827762509644	108	1.0	(8, 4, 1223749, 10, 1.0)
55	DT	44.824482184586365	67	0.9901413995231718	(4, 2, 1223749, 2, 1.0)
56	DT	20.71490841274122	41	0.9901413995231718	(5, 3, 1223749, 2, 1.0)
57	DT	21.672125071453813	51	0.9999994207222558	(6, 3, 1223749, 0, 1.0)
58	DT	36.72400022377217	82	0.999993383642715	(6, 3, 1223749, 6, 1.0)
59	DT	27.669801480694208	51	0.9901413995231718	(5, 3, 1223749, 5, 1.0)
60	DT	30.905755670485895	46	0.9996167291477257	(4, 2, 1223749, 3, 1.0)
61	DT	36.72400022377217	82	0.9956223816276754	(6, 3, 1223749, 6, 1.0)
62	DT	30.256353376570324	75	0.9991368561885445	(7, 4, 1223749, 11, 1.0)
63	DT	18.134337405558778	40	0.9998298122001763	(6, 3, 1223749, 3, 1.0)
64	DT	20.71490841274122	41	0.95	(5, 3, 1223749, 2, 1.0)
65	DT	30.905755670485895	46	0.9999244297158603	(4, 2, 1223749, 3, 1.0)
66	DT	39.317827762509644	108	0.9999999492828621	(8, 4, 1223749, 10, 1.0)
67	DT	21.672125071453813	51	0.9999999492828621	(6, 3, 1223749, 0, 1.0)
68	DT	36.72400022377217	82	0.9999998857826431	(6, 3, 1223749, 6, 1.0)
69	DT	46.62934994568243	116	0.9999850996552149	(7, 4, 1223749, 4, 1.0)
70	DT	31.87383328062299	95	0.9999994207222558	(8, 4, 1223749, 0, 1.0)
71	DT	40.061516146707994	90	0.9996167291477257	(6, 3, 1223749, 8, 1.0)
72	DT	39.317827762509644	108	0.95	(8, 4, 1223749, 10, 1.0)
73	DT	18.134337405558778	40	0.9999997427771922	(6, 3, 1223749, 3, 1.0)
74	DT	15.063243419319775	41	0.9999850996552149	(7, 4, 1223749, 0, 1.0)
75	DT	21.672125071453813	51	0.9998298122001763	(6, 3, 1223749, 0, 1.0)
76	DT	27.669801480694208	51	0.9999998857826431	(5, 3, 1223749, 5, 1.0)
77	DT	27.669801480694208	51	0.999993383642715	(5, 3, 1223749, 5, 1.0)
78	DT	31.87383328062299	95	0.95	(8, 4, 1223749, 0, 1.0)
79	DT	31.87383328062299	95	0.9980561599327656	(8, 4, 1223749, 0, 1.0)
80	DT	30.905755670485895	46	0.9999999774795342	(4, 2, 1223749, 3, 1.0)
81	DT	30.905755670485895	46	0.9998298122001763	(4, 2, 1223749, 3, 1.0)
82	DT	36.72400022377217	82	0.9999970620690759	(6, 3, 1223749, 6, 1.0)
83	DT	30.256353376570324	75	0.99999999	(7, 4, 1223749, 11, 1.0)
84	DT	18.580306022564123	37	1.0	(5, 3, 1223749, 0, 1.0)
85	DT	20.08351234691571	30	0.9999999492828621	(4, 2, 1223749, 1, 1.0)
86	DT	36.72400022377217	82	0.9999999492828621	(6, 3, 1223749, 6, 1.0)
87	DT	20.71490841274122	41	0.999993383642715	(5, 3, 1223749, 2, 1.0)
88	DT	31.87383328062299	95	0.9999244297158603	(8, 4, 1223749, 0, 1.0)
89	DT	36.72400022377217	82	0.9980561599327656	(6, 3, 1223749, 6, 1.0)
90	DT	21.672125071453813	51	0.9999244297158603	(6, 3, 1223749, 0, 1.0)
91	DT	30.905755670485895	46	0.999993383642715	(4, 2, 1223749, 3, 1.0)
92	DT	21.672125071453813	51	0.9999998857826431	(6, 3, 1223749, 0, 1.0)
93	DT	44.824482184586365	67	0.99999999	(4, 2, 1223749, 2, 1.0)
94	DT	74.45778192576036	204	0.9998298122001763	(8, 4, 1223749, 15, 1.0)
95	DT	27.669801480694208	51	0.9996167291477257	(5, 3, 1223749, 5, 1.0)
96	DT	70.09187833087464	192	0.9999986954395383	(8, 4, 1223749, 5, 1.0)
97	DT	18.134337405558778	40	0.999993383642715	(6, 3, 1223749, 3, 1.0)
98	DT	70.09187833087464	192	0.999993383642715	(8, 4, 1223749, 5, 1.0)
99	DT	30.905755670485895	46	0.9999994207222558	(4, 2, 1223749, 3, 1.0)
100	DT	18.580306022564123	37	0.9998298122001763	(5, 3, 1223749, 0, 1.0)
101	DT	36.72400022377217	82	0.9999997427771922	(6, 3, 1223749, 6, 1.0)
102	DT	25.072408441975732	50	0.9999664437295102	(4, 2, 1223749, 0, 1.0)
103	DT	70.09187833087464	192	0.9901413995231718	(8, 4, 1223749, 5, 1.0)
104	DT	20.272053826375494	50	0.9991368561885445	(7, 4, 1223749, 8, 1.0)
105	DT	20.272053826375494	50	0.9999986954395383	(7, 4, 1223749, 8, 1.0)
106	DT	18.134337405558778	40	0.9999664437295102	(6, 3, 1223749, 3, 1.0)
107	DT	70.09187833087464	192	1.0	(8, 4, 1223749, 5, 1.0)
108	DT	25.072408441975732	50	0.9999998857826431	(4, 2, 1223749, 0, 1.0)
109	DT	30.905755670485895	46	0.99999999	(4, 2, 1223749, 3, 1.0)
110	DT	20.272053826375494	50	0.9998298122001763	(7, 4, 1223749, 8, 1.0)
111	DT	74.45778192576036	204	0.9956223816276754	(8, 4, 1223749, 15, 1.0)
112	DT	70.09187833087464	192	0.9999998857826431	(8, 4, 1223749, 5, 1.0)
113	DT	74.45778192576036	204	0.9999998857826431	(8, 4, 1223749, 15, 1.0)
114	DT	44.824482184586365	67	0.9999999492828621	(4, 2, 1223749, 2, 1.0)
115	DT	70.09187833087464	192	0.9991368561885445	(8, 4, 1223749, 5, 1.0)
116	DT	21.672125071453813	51	0.9956223816276754	(6, 3, 1223749, 0, 1.0)
117	DT	25.072408441975732	50	0.9999986954395383	(4, 2, 1223749, 0, 1.0)
118	DT	19.86570280553979	37	0.9999244297158603	(5, 3, 1223749, 4, 1.0)
119	DT	40.061516146707994	90	0.9901413995231718	(6, 3, 1223749, 8, 1.0)
120	DT	25.072408441975732	50	0.9980561599327656	(4, 2, 1223749, 0, 1.0)
121	DT	44.824482184586365	67	1.0	(4, 2, 1223749, 2, 1.0)
122	DT	30.905755670485895	46	1.0	(4, 2, 1223749, 3, 1.0)
123	DT	70.09187833087464	192	0.9999994207222558	(8, 4, 1223749, 5, 1.0)
124	DT	40.061516146707994	90	0.9999970620690759	(6, 3, 1223749, 8, 1.0)
125	DT	19.86570280553979	37	0.99999999	(5, 3, 1223749, 4, 1.0)
126	DT	20.08351234691571	30	0.9999997427771922	(4, 2, 1223749, 1, 1.0)
127	DT	18.580306022564123	37	0.9991368561885445	(5, 3, 1223749, 0, 1.0)
128	DT	25.072408441975732	50	0.95	(4, 2, 1223749, 0, 1.0)
129	DT	15.063243419319775	41	0.9956223816276754	(7, 4, 1223749, 0, 1.0)
130	DT	46.62934994568243	116	0.9999998857826431	(7, 4, 1223749, 4, 1.0)
131	DT	40.061516146707994	90	0.9999999774795342	(6, 3, 1223749, 8, 1.0)
132	DT	44.824482184586365	67	0.95	(4, 2, 1223749, 2, 1.0)
133	DT	30.256353376570324	75	0.9999999774795342	(7, 4, 1223749, 11, 1.0)
134	DT	30.905755670485895	46	0.9999997427771922	(4, 2, 1223749, 3, 1.0)
135	DT	15.063243419319775	41	0.999993383642715	(7, 4, 1223749, 0, 1.0)
136	DT	15.063243419319775	41	0.9999244297158603	(7, 4, 1223749, 0, 1.0)
137	DT	30.905755670485895	46	0.95	(4, 2, 1223749, 3, 1.0)
138	DT	18.134337405558778	40	0.9777979725285864	(6, 3, 1223749, 3, 1.0)
139	DT	30.905755670485895	46	0.9777979725285864	(4, 2, 1223749, 3, 1.0)
140	DT	44.824482184586365	67	0.9999998857826431	(4, 2, 1223749, 2, 1.0)
141	DT	20.71490841274122	41	0.9999986954395383	(5, 3, 1223749, 2, 1.0)
142	DT	46.62934994568243	116	0.9999970620690759	(7, 4, 1223749, 4, 1.0)
143	DT	21.672125071453813	51	0.9999986954395383	(6, 3, 1223749, 0, 1.0)
144	DT	74.45778192576036	204	0.9980561599327656	(8, 4, 1223749, 15, 1.0)
145	DT	19.86570280553979	37	0.9999998857826431	(5, 3, 1223749, 4, 1.0)
146	DT	40.061516146707994	90	0.9999999492828621	(6, 3, 1223749, 8, 1.0)
147	DT	15.063243419319775	41	0.9777979725285864	(7, 4, 1223749, 0, 1.0)
148	DT	46.62934994568243	116	0.9999986954395383	(7, 4, 1223749, 4, 1.0)
149	DT	19.86570280553979	37	0.9991368561885445	(5, 3, 1223749, 4, 1.0)
150	DT	20.08351234691571	30	0.99999999	(4, 2, 1223749, 1, 1.0)
151	DT	18.134337405558778	40	0.9980561599327656	(6, 3, 1223749, 3, 1.0)
152	DT	39.317827762509644	108	0.9980561599327656	(8, 4, 1223749, 10, 1.0)
153	DT	31.87383328062299	95	0.9999999774795342	(8, 4, 1223749, 0, 1.0)
154	DT	46.62934994568243	116	0.9999999492828621	(7, 4, 1223749, 4, 1.0)
155	DT	46.62934994568243	116	0.9998298122001763	(7, 4, 1223749, 4, 1.0)
156	DT	20.08351234691571	30	0.9999664437295102	(4, 2, 1223749, 1, 1.0)
157	DT	18.580306022564123	37	0.9999998857826431	(5, 3, 1223749, 0, 1.0)
158	DT	18.134337405558778	40	0.95	(6, 3, 1223749, 3, 1.0)
159	DT	31.87383328062299	95	0.9999986954395383	(8, 4, 1223749, 0, 1.0)
160	DT	20.272053826375494	50	0.9996167291477257	(7, 4, 1223749, 8, 1.0)
161	DT	30.905755670485895	46	0.9999999492828621	(4, 2, 1223749, 3, 1.0)
162	DT	30.905755670485895	46	0.9999850996552149	(4, 2, 1223749, 3, 1.0)
163	DT	39.317827762509644	108	0.9956223816276754	(8, 4, 1223749, 10, 1.0)
164	DT	36.72400022377217	82	0.9999850996552149	(6, 3, 1223749, 6, 1.0)
165	DT	19.86570280553979	37	0.9999986954395383	(5, 3, 1223749, 4, 1.0)
166	DT	39.317827762509644	108	0.9901413995231718	(8, 4, 1223749, 10, 1.0)
167	DT	31.87383328062299	95	1.0	(8, 4, 1223749, 0, 1.0)
168	DT	20.08351234691571	30	0.9996167291477257	(4, 2, 1223749, 1, 1.0)
169	DT	46.62934994568243	116	0.99999999	(7, 4, 1223749, 4, 1.0)
170	DT	18.134337405558778	40	0.9999850996552149	(6, 3, 1223749, 3, 1.0)
171	DT	46.62934994568243	116	1.0	(7, 4, 1223749, 4, 1.0)
172	DT	25.072408441975732	50	0.9991368561885445	(4, 2, 1223749, 0, 1.0)
173	DT	20.08351234691571	30	0.9999850996552149	(4, 2, 1223749, 1, 1.0)
174	DT	40.061516146707994	90	0.9980561599327656	(6, 3, 1223749, 8, 1.0)
175	DT	18.134337405558778	40	0.9999970620690759	(6, 3, 1223749, 3, 1.0)
176	DT	40.061516146707994	90	1.0	(6, 3, 1223749, 8, 1.0)
177	DT	36.72400022377217	82	0.9999244297158603	(6, 3, 1223749, 6, 1.0)
178	DT	18.134337405558778	40	0.9999986954395383	(6, 3, 1223749, 3, 1.0)
179	DT	46.62934994568243	116	0.9999994207222558	(7, 4, 1223749, 4, 1.0)
180	DT	40.061516146707994	90	0.95	(6, 3, 1223749, 8, 1.0)
181	DT	19.86570280553979	37	0.9999994207222558	(5, 3, 1223749, 4, 1.0)
182	DT	30.905755670485895	46	0.9991368561885445	(4, 2, 1223749, 3, 1.0)
183	DT	21.672125071453813	51	0.999993383642715	(6, 3, 1223749, 0, 1.0)
184	DT	27.669801480694208	51	0.9999664437295102	(5, 3, 1223749, 5, 1.0)
185	DT	18.134337405558778	40	0.9999999774795342	(6, 3, 1223749, 3, 1.0)
186	DT	21.672125071453813	51	0.9980561599327656	(6, 3, 1223749, 0, 1.0)
187	DT	20.08351234691571	30	0.999993383642715	(4, 2, 1223749, 1, 1.0)
188	DT	25.072408441975732	50	0.9956223816276754	(4, 2, 1223749, 0, 1.0)
189	DT	20.08351234691571	30	0.9901413995231718	(4, 2, 1223749, 1, 1.0)
190	DT	46.62934994568243	116	0.9999244297158603	(7, 4, 1223749, 4, 1.0)
191	DT	27.669801480694208	51	0.9999986954395383	(5, 3, 1223749, 5, 1.0)
192	DT	30.256353376570324	75	0.9999850996552149	(7, 4, 1223749, 11, 1.0)
193	DT	74.45778192576036	204	0.9999970620690759	(8, 4, 1223749, 15, 1.0)
194	DT	70.09187833087464	192	0.99999999	(8, 4, 1223749, 5, 1.0)
195	DT	40.061516146707994	90	0.9999998857826431	(6, 3, 1223749, 8, 1.0)
196	DT	30.256353376570324	75	0.9999999492828621	(7, 4, 1223749, 11, 1.0)
197	DT	20.08351234691571	30	0.9999998857826431	(4, 2, 1223749, 1, 1.0)
198	DT	70.09187833087464	192	0.9996167291477257	(8, 4, 1223749, 5, 1.0)
199	DT	20.71490841274122	41	0.9999664437295102	(5, 3, 1223749, 2, 1.0)
200	DT	30.256353376570324	75	0.9956223816276754	(7, 4, 1223749, 11, 1.0)
201	DT	15.063243419319775	41	0.9999998857826431	(7, 4, 1223749, 0, 1.0)
202	DT	19.86570280553979	37	0.9998298122001763	(5, 3, 1223749, 4, 1.0)
203	DT	18.134337405558778	40	0.9999244297158603	(6, 3, 1223749, 3, 1.0)
204	DT	18.134337405558778	40	0.9999999492828621	(6, 3, 1223749, 3, 1.0)
205	DT	19.86570280553979	37	0.9999999774795342	(5, 3, 1223749, 4, 1.0)
206	DT	40.061516146707994	90	0.9999994207222558	(6, 3, 1223749, 8, 1.0)
207	DT	30.256353376570324	75	0.9996167291477257	(7, 4, 1223749, 11, 1.0)
208	DT	25.072408441975732	50	0.9999970620690759	(4, 2, 1223749, 0, 1.0)
209	DT	25.072408441975732	50	0.9999850996552149	(4, 2, 1223749, 0, 1.0)
210	DT	20.71490841274122	41	0.9999997427771922	(5, 3, 1223749, 2, 1.0)
211	DT	25.072408441975732	50	0.9901413995231718	(4, 2, 1223749, 0, 1.0)
212	DT	21.672125071453813	51	0.99999999	(6, 3, 1223749, 0, 1.0)
213	DT	74.45778192576036	204	0.95	(8, 4, 1223749, 15, 1.0)
214	DT	27.669801480694208	51	0.9980561599327656	(5, 3, 1223749, 5, 1.0)
215	DT	36.72400022377217	82	0.9777979725285864	(6, 3, 1223749, 6, 1.0)
216	DT	20.71490841274122	41	0.9980561599327656	(5, 3, 1223749, 2, 1.0)
217	DT	15.063243419319775	41	0.9999986954395383	(7, 4, 1223749, 0, 1.0)
218	DT	20.272053826375494	50	0.9999970620690759	(7, 4, 1223749, 8, 1.0)
219	DT	21.672125071453813	51	0.95	(6, 3, 1223749, 0, 1.0)
220	DT	36.72400022377217	82	0.95	(6, 3, 1223749, 6, 1.0)
221	DT	27.669801480694208	51	1.0	(5, 3, 1223749, 5, 1.0)
222	DT	27.669801480694208	51	0.9999970620690759	(5, 3, 1223749, 5, 1.0)
223	DT	44.824482184586365	67	0.9999664437295102	(4, 2, 1223749, 2, 1.0)
224	DT	70.09187833087464	192	0.9999970620690759	(8, 4, 1223749, 5, 1.0)
225	DT	15.063243419319775	41	0.9996167291477257	(7, 4, 1223749, 0, 1.0)
226	DT	31.87383328062299	95	0.9901413995231718	(8, 4, 1223749, 0, 1.0)
227	DT	39.317827762509644	108	0.9998298122001763	(8, 4, 1223749, 10, 1.0)
228	DT	74.45778192576036	204	0.9996167291477257	(8, 4, 1223749, 15, 1.0)
229	DT	40.061516146707994	90	0.9999664437295102	(6, 3, 1223749, 8, 1.0)
230	DT	44.824482184586365	67	0.9998298122001763	(4, 2, 1223749, 2, 1.0)
231	DT	31.87383328062299	95	0.999993383642715	(8, 4, 1223749, 0, 1.0)
232	DT	27.669801480694208	51	0.9999999774795342	(5, 3, 1223749, 5, 1.0)
233	DT	18.580306022564123	37	0.9777979725285864	(5, 3, 1223749, 0, 1.0)
234	DT	20.08351234691571	30	0.9999994207222558	(4, 2, 1223749, 1, 1.0)
235	DT	27.669801480694208	51	0.9991368561885445	(5, 3, 1223749, 5, 1.0)
236	DT	30.256353376570324	75	1.0	(7, 4, 1223749, 11, 1.0)
237	DT	20.08351234691571	30	0.9980561599327656	(4, 2, 1223749, 1, 1.0)
238	DT	18.580306022564123	37	0.9996167291477257	(5, 3, 1223749, 0, 1.0)
239	DT	40.061516146707994	90	0.99999999	(6, 3, 1223749, 8, 1.0)
240	DT	70.09187833087464	192	0.9999999774795342	(8, 4, 1223749, 5, 1.0)
241	DT	20.272053826375494	50	0.9956223816276754	(7, 4, 1223749, 8, 1.0)
242	DT	70.09187833087464	192	0.9999664437295102	(8, 4, 1223749, 5, 1.0)
243	DT	21.672125071453813	51	0.9996167291477257	(6, 3, 1223749, 0, 1.0)
244	DT	30.905755670485895	46	0.9999986954395383	(4, 2, 1223749, 3, 1.0)
245	DT	18.134337405558778	40	0.9901413995231718	(6, 3, 1223749, 3, 1.0)
246	DT	15.063243419319775	41	0.9999997427771922	(7, 4, 1223749, 0, 1.0)
247	DT	15.063243419319775	41	0.9980561599327656	(7, 4, 1223749, 0, 1.0)
248	DT	46.62934994568243	116	0.9999997427771922	(7, 4, 1223749, 4, 1.0)
249	DT	36.72400022377217	82	0.9999664437295102	(6, 3, 1223749, 6, 1.0)
250	DT	21.672125071453813	51	0.9999850996552149	(6, 3, 1223749, 0, 1.0)
251	DT	74.45778192576036	204	0.999993383642715	(8, 4, 1223749, 15, 1.0)
252	DT	44.824482184586365	67	0.9980561599327656	(4, 2, 1223749, 2, 1.0)
253	DT	46.62934994568243	116	0.9980561599327656	(7, 4, 1223749, 4, 1.0)
254	DT	27.669801480694208	51	0.9999994207222558	(5, 3, 1223749, 5, 1.0)
255	DT	18.580306022564123	37	0.9956223816276754	(5, 3, 1223749, 0, 1.0)
256	DT	36.72400022377217	82	0.9996167291477257	(6, 3, 1223749, 6, 1.0)
257	DT	70.09187833087464	192	0.9999850996552149	(8, 4, 1223749, 5, 1.0)
258	DT	15.063243419319775	41	0.9999999492828621	(7, 4, 1223749, 0, 1.0)
259	DT	18.134337405558778	40	0.9999998857826431	(6, 3, 1223749, 3, 1.0)
260	DT	39.317827762509644	108	0.99999999	(8, 4, 1223749, 10, 1.0)
261	DT	30.905755670485895	46	0.9999998857826431	(4, 2, 1223749, 3, 1.0)
262	DT	30.905755670485895	46	0.9956223816276754	(4, 2, 1223749, 3, 1.0)
263	DT	30.256353376570324	75	0.9999970620690759	(7, 4, 1223749, 11, 1.0)
264	DT	39.317827762509644	108	0.9999664437295102	(8, 4, 1223749, 10, 1.0)
265	DT	21.672125071453813	51	0.9777979725285864	(6, 3, 1223749, 0, 1.0)
266	DT	46.62934994568243	116	0.9999999774795342	(7, 4, 1223749, 4, 1.0)
267	DT	40.061516146707994	90	0.9999244297158603	(6, 3, 1223749, 8, 1.0)
268	DT	74.45778192576036	204	0.9999850996552149	(8, 4, 1223749, 15, 1.0)
269	DT	40.061516146707994	90	0.9777979725285864	(6, 3, 1223749, 8, 1.0)
270	DT	44.824482184586365	67	0.9999986954395383	(4, 2, 1223749, 2, 1.0)
271	DT	70.09187833087464	192	0.9999999492828621	(8, 4, 1223749, 5, 1.0)
272	DT	20.272053826375494	50	0.9999999774795342	(7, 4, 1223749, 8, 1.0)
273	DT	18.134337405558778	40	1.0	(6, 3, 1223749, 3, 1.0)
274	DT	74.45778192576036	204	0.9999999492828621	(8, 4, 1223749, 15, 1.0)
275	DT	19.86570280553979	37	0.999993383642715	(5, 3, 1223749, 4, 1.0)
276	DT	74.45778192576036	204	1.0	(8, 4, 1223749, 15, 1.0)
277	DT	20.08351234691571	30	0.9777979725285864	(4, 2, 1223749, 1, 1.0)
278	DT	44.824482184586365	67	0.9996167291477257	(4, 2, 1223749, 2, 1.0)
279	DT	27.669801480694208	51	0.9999244297158603	(5, 3, 1223749, 5, 1.0)
280	DT	70.09187833087464	192	0.9956223816276754	(8, 4, 1223749, 5, 1.0)
281	DT	20.71490841274122	41	0.9999994207222558	(5, 3, 1223749, 2, 1.0)
282	DT	31.87383328062299	95	0.9991368561885445	(8, 4, 1223749, 0, 1.0)
283	DT	25.072408441975732	50	0.9999999492828621	(4, 2, 1223749, 0, 1.0)
284	DT	39.317827762509644	108	0.9999244297158603	(8, 4, 1223749, 10, 1.0)
285	DT	20.272053826375494	50	0.95	(7, 4, 1223749, 8, 1.0)
286	DT	46.62934994568243	116	0.9991368561885445	(7, 4, 1223749, 4, 1.0)
287	DT	20.08351234691571	30	0.9999999774795342	(4, 2, 1223749, 1, 1.0)
288	DT	18.580306022564123	37	0.99999999	(5, 3, 1223749, 0, 1.0)
289	DT	18.580306022564123	37	0.999993383642715	(5, 3, 1223749, 0, 1.0)
290	DT	30.905755670485895	46	0.9980561599327656	(4, 2, 1223749, 3, 1.0)
291	DT	19.86570280553979	37	0.9999997427771922	(5, 3, 1223749, 4, 1.0)
292	DT	19.86570280553979	37	0.9999999492828621	(5, 3, 1223749, 4, 1.0)
293	DT	44.824482184586365	67	0.9999244297158603	(4, 2, 1223749, 2, 1.0)
294	DT	20.272053826375494	50	0.9999994207222558	(7, 4, 1223749, 8, 1.0)
295	DT	20.71490841274122	41	0.9999244297158603	(5, 3, 1223749, 2, 1.0)
296	DT	20.272053826375494	50	0.9999244297158603	(7, 4, 1223749, 8, 1.0)
297	DT	18.134337405558778	40	0.9956223816276754	(6, 3, 1223749, 3, 1.0)
298	DT	46.62934994568243	116	0.9996167291477257	(7, 4, 1223749, 4, 1.0)
299	DT	30.256353376570324	75	0.9999994207222558	(7, 4, 1223749, 11, 1.0)
300	DT	44.824482184586365	67	0.999993383642715	(4, 2, 1223749, 2, 1.0)
301	DT	36.72400022377217	82	0.9901413995231718	(6, 3, 1223749, 6, 1.0)
302	DT	36.72400022377217	82	0.99999999	(6, 3, 1223749, 6, 1.0)
303	DT	36.72400022377217	82	1.0	(6, 3, 1223749, 6, 1.0)
304	DT	31.87383328062299	95	0.9999664437295102	(8, 4, 1223749, 0, 1.0)
305	DT	46.62934994568243	116	0.9999664437295102	(7, 4, 1223749, 4, 1.0)
306	DT	74.45778192576036	204	0.9777979725285864	(8, 4, 1223749, 15, 1.0)
307	DT	20.272053826375494	50	0.9999998857826431	(7, 4, 1223749, 8, 1.0)
308	DT	18.580306022564123	37	0.9999986954395383	(5, 3, 1223749, 0, 1.0)
309	DT	40.061516146707994	90	0.9991368561885445	(6, 3, 1223749, 8, 1.0)
310	DT	46.62934994568243	116	0.95	(7, 4, 1223749, 4, 1.0)
311	DT	21.672125071453813	51	0.9999999774795342	(6, 3, 1223749, 0, 1.0)
312	DT	19.86570280553979	37	0.9980561599327656	(5, 3, 1223749, 4, 1.0)
313	DT	19.86570280553979	37	0.9999850996552149	(5, 3, 1223749, 4, 1.0)
314	DT	70.09187833087464	192	0.9980561599327656	(8, 4, 1223749, 5, 1.0)
315	DT	39.317827762509644	108	0.9999850996552149	(8, 4, 1223749, 10, 1.0)
316	DT	74.45778192576036	204	0.99999999	(8, 4, 1223749, 15, 1.0)
317	DT	40.061516146707994	90	0.9999997427771922	(6, 3, 1223749, 8, 1.0)
318	DT	20.272053826375494	50	0.9999999492828621	(7, 4, 1223749, 8, 1.0)
319	DT	44.824482184586365	67	0.9999997427771922	(4, 2, 1223749, 2, 1.0)
320	DT	30.256353376570324	75	0.9999998857826431	(7, 4, 1223749, 11, 1.0)
321	DT	25.072408441975732	50	0.99999999	(4, 2, 1223749, 0, 1.0)
322	DT	18.134337405558778	40	0.9991368561885445	(6, 3, 1223749, 3, 1.0)
323	DT	27.669801480694208	51	0.99999999	(5, 3, 1223749, 5, 1.0)
324	DT	19.86570280553979	37	0.9999664437295102	(5, 3, 1223749, 4, 1.0)
325	DT	36.72400022377217	82	0.9991368561885445	(6, 3, 1223749, 6, 1.0)
326	DT	20.71490841274122	41	0.9998298122001763	(5, 3, 1223749, 2, 1.0)
327	DT	20.71490841274122	41	0.9999998857826431	(5, 3, 1223749, 2, 1.0)
328	DT	39.317827762509644	108	0.9999999774795342	(8, 4, 1223749, 10, 1.0)
329	DT	39.317827762509644	108	0.9999986954395383	(8, 4, 1223749, 10, 1.0)
330	DT	27.669801480694208	51	0.9777979725285864	(5, 3, 1223749, 5, 1.0)
331	DT	19.86570280553979	37	0.9956223816276754	(5, 3, 1223749, 4, 1.0)
332	DT	19.86570280553979	37	0.9996167291477257	(5, 3, 1223749, 4, 1.0)
333	DT	18.580306022564123	37	0.9980561599327656	(5, 3, 1223749, 0, 1.0)
334	DT	46.62934994568243	116	0.9901413995231718	(7, 4, 1223749, 4, 1.0)
335	DT	44.824482184586365	67	0.9956223816276754	(4, 2, 1223749, 2, 1.0)
336	DT	18.134337405558778	40	0.99999999	(6, 3, 1223749, 3, 1.0)
337	DT	74.45778192576036	204	0.9901413995231718	(8, 4, 1223749, 15, 1.0)
338	DT	20.71490841274122	41	0.9999850996552149	(5, 3, 1223749, 2, 1.0)
339	DT	30.256353376570324	75	0.9998298122001763	(7, 4, 1223749, 11, 1.0)
340	DT	20.272053826375494	50	0.9777979725285864	(7, 4, 1223749, 8, 1.0)
341	DT	20.71490841274122	41	0.9999970620690759	(5, 3, 1223749, 2, 1.0)
342	DT	44.824482184586365	67	0.9999850996552149	(4, 2, 1223749, 2, 1.0)
343	DT	20.272053826375494	50	0.9901413995231718	(7, 4, 1223749, 8, 1.0)
344	DT	31.87383328062299	95	0.9998298122001763	(8, 4, 1223749, 0, 1.0)
345	DT	18.580306022564123	37	0.9999994207222558	(5, 3, 1223749, 0, 1.0)
346	DT	19.86570280553979	37	0.9901413995231718	(5, 3, 1223749, 4, 1.0)
347	DT	25.072408441975732	50	0.9999997427771922	(4, 2, 1223749, 0, 1.0)
348	DT	19.86570280553979	37	1.0	(5, 3, 1223749, 4, 1.0)
349	DT	40.061516146707994	90	0.9999986954395383	(6, 3, 1223749, 8, 1.0)
350	DT	15.063243419319775	41	0.9991368561885445	(7, 4, 1223749, 0, 1.0)
351	DT	39.317827762509644	108	0.9999998857826431	(8, 4, 1223749, 10, 1.0)
352	DT	20.71490841274122	41	0.9956223816276754	(5, 3, 1223749, 2, 1.0)
353	DT	30.256353376570324	75	0.9999997427771922	(7, 4, 1223749, 11, 1.0)
354	DT	20.71490841274122	41	0.9991368561885445	(5, 3, 1223749, 2, 1.0)
355	DT	20.272053826375494	50	0.9999850996552149	(7, 4, 1223749, 8, 1.0)
356	DT	40.061516146707994	90	0.9999850996552149	(6, 3, 1223749, 8, 1.0)
357	DT	46.62934994568243	116	0.9777979725285864	(7, 4, 1223749, 4, 1.0)
358	DT	18.580306022564123	37	0.9999850996552149	(5, 3, 1223749, 0, 1.0)
359	DT	39.317827762509644	108	0.9999970620690759	(8, 4, 1223749, 10, 1.0)
360	DT	18.580306022564123	37	0.95	(5, 3, 1223749, 0, 1.0)
361	DT	20.08351234691571	30	0.9956223816276754	(4, 2, 1223749, 1, 1.0)
362	DT	20.272053826375494	50	0.9999997427771922	(7, 4, 1223749, 8, 1.0)
363	DT	27.669801480694208	51	0.9999997427771922	(5, 3, 1223749, 5, 1.0)
364	DT	18.580306022564123	37	0.9999999492828621	(5, 3, 1223749, 0, 1.0)
365	DT	20.08351234691571	30	0.9998298122001763	(4, 2, 1223749, 1, 1.0)
366	DT	44.824482184586365	67	0.9999994207222558	(4, 2, 1223749, 2, 1.0)
367	DT	74.45778192576036	204	0.9999999774795342	(8, 4, 1223749, 15, 1.0)
368	DT	20.71490841274122	41	0.9996167291477257	(5, 3, 1223749, 2, 1.0)
369	DT	25.072408441975732	50	0.999993383642715	(4, 2, 1223749, 0, 1.0)
370	DT	20.272053826375494	50	0.9999664437295102	(7, 4, 1223749, 8, 1.0)
371	DT	20.71490841274122	41	0.9999999492828621	(5, 3, 1223749, 2, 1.0)
372	DT	18.580306022564123	37	0.9999999774795342	(5, 3, 1223749, 0, 1.0)
373	DT	15.063243419319775	41	0.99999999	(7, 4, 1223749, 0, 1.0)
374	DT	70.09187833087464	192	0.9999997427771922	(8, 4, 1223749, 5, 1.0)
375	DT	30.256353376570324	75	0.9999244297158603	(7, 4, 1223749, 11, 1.0)
376	DT	25.072408441975732	50	1.0	(4, 2, 1223749, 0, 1.0)
377	DT	39.317827762509644	108	0.9999994207222558	(8, 4, 1223749, 10, 1.0)
378	DT	15.063243419319775	41	1.0	(7, 4, 1223749, 0, 1.0)
379	DT	18.580306022564123	37	0.9901413995231718	(5, 3, 1223749, 0, 1.0)
380	DT	18.134337405558778	40	0.9999994207222558	(6, 3, 1223749, 3, 1.0)
381	DT	44.824482184586365	67	0.9991368561885445	(4, 2, 1223749, 2, 1.0)
382	DT	21.672125071453813	51	0.9999997427771922	(6, 3, 1223749, 0, 1.0)
383	DT	39.317827762509644	108	0.9991368561885445	(8, 4, 1223749, 10, 1.0)
384	DT	20.272053826375494	50	1.0	(7, 4, 1223749, 8, 1.0)
385	DT	21.672125071453813	51	1.0	(6, 3, 1223749, 0, 1.0)
386	DT	70.09187833087464	192	0.9999244297158603	(8, 4, 1223749, 5, 1.0)
387	DT	40.061516146707994	90	0.9998298122001763	(6, 3, 1223749, 8, 1.0)
388	DT	30.256353376570324	75	0.9980561599327656	(7, 4, 1223749, 11, 1.0)
389	DT	15.063243419319775	41	0.9999664437295102	(7, 4, 1223749, 0, 1.0)
390	DT	18.580306022564123	37	0.9999664437295102	(5, 3, 1223749, 0, 1.0)
391	DT	70.09187833087464	192	0.9998298122001763	(8, 4, 1223749, 5, 1.0)
392	DT	30.256353376570324	75	0.95	(7, 4, 1223749, 11, 1.0)
393	DT	74.45778192576036	204	0.9999664437295102	(8, 4, 1223749, 15, 1.0)
394	DT	15.063243419319775	41	0.9998298122001763	(7, 4, 1223749, 0, 1.0)
395	DT	31.87383328062299	95	0.9996167291477257	(8, 4, 1223749, 0, 1.0)
396	DT	19.86570280553979	37	0.9777979725285864	(5, 3, 1223749, 4, 1.0)
397	DT	25.072408441975732	50	0.9996167291477257	(4, 2, 1223749, 0, 1.0)
398	DT	20.08351234691571	30	0.9999970620690759	(4, 2, 1223749, 1, 1.0)
399	DT	15.063243419319775	41	0.9999994207222558	(7, 4, 1223749, 0, 1.0)
400	DT	18.134337405558778	40	0.9996167291477257	(6, 3, 1223749, 3, 1.0)
401	DT	15.063243419319775	41	0.9901413995231718	(7, 4, 1223749, 0, 1.0)
402	DT	30.905755670485895	46	0.9999664437295102	(4, 2, 1223749, 3, 1.0)
403	DT	27.669801480694208	51	0.9956223816276754	(5, 3, 1223749, 5, 1.0)
404	DT	20.71490841274122	41	1.0	(5, 3, 1223749, 2, 1.0)
405	DT	21.672125071453813	51	0.9991368561885445	(6, 3, 1223749, 0, 1.0)
406	DT	20.272053826375494	50	0.999993383642715	(7, 4, 1223749, 8, 1.0)
407	DT	19.86570280553979	37	0.95	(5, 3, 1223749, 4, 1.0)
408	DT	20.71490841274122	41	0.9777979725285864	(5, 3, 1223749, 2, 1.0)
409	DT	40.061516146707994	90	0.999993383642715	(6, 3, 1223749, 8, 1.0)
410	DT	30.256353376570324	75	0.9901413995231718	(7, 4, 1223749, 11, 1.0)
411	DT	74.45778192576036	204	0.9999244297158603	(8, 4, 1223749, 15, 1.0)
412	DT	36.72400022377217	82	0.9999986954395383	(6, 3, 1223749, 6, 1.0)
413	DT	25.072408441975732	50	0.9999244297158603	(4, 2, 1223749, 0, 1.0)
414	DT	27.669801480694208	51	0.9999999492828621	(5, 3, 1223749, 5, 1.0)
415	DT	20.272053826375494	50	0.9980561599327656	(7, 4, 1223749, 8, 1.0)
416	DT	25.072408441975732	50	0.9777979725285864	(4, 2, 1223749, 0, 1.0)
417	DT	46.62934994568243	116	0.9956223816276754	(7, 4, 1223749, 4, 1.0)
418	DT	31.87383328062299	95	0.9999998857826431	(8, 4, 1223749, 0, 1.0)
419	DT	27.669801480694208	51	0.95	(5, 3, 1223749, 5, 1.0)
